14 0.292187 0.495833 0.242188 0.816667 0.900000
14 0.547266 0.425000 0.146094 0.502778 0.800000
14 0.672266 0.349306 0.080469 0.312500 0.650000
2 0.268750 0.619444 0.078125 0.330556 0.610000
0 0.163672 0.652778 0.327344 0.575000 0.570000
4 0.757422 0.266667 0.030469 0.033333 0.510000
19 0.939844 0.334028 0.023438 0.059722 0.510000
10 0.618359 0.259028 0.039844 0.090278 0.510000
20 0.455469 0.713194 0.110937 0.220833 0.490000
2 0.154688 0.701389 0.085938 0.394444 0.410000
20 0.688281 0.416667 0.075000 0.200000 0.360000
